alpha=0.5でrho=0.1とした場合の結果
N: パラメータ数(p)
M: データ数(n)
sigma_y: yの生成過程のノイズの強さ
sigma_eta: privacy noiseのつよさ

LASSO_Private_Gauss_CD_M500_N1000_rho1.00_sigma_y_1.00_sigma_eta_1.00.dat
#1: lambda_1
#2: mean(gamma), gamma = rho_hat/alpha
#3: error bar of #2 
#4: mean(test error),
#5: error bar of #4
#6: mean(test error - training error)
#7: error bar of #6
#8: mean(training error)
#9: error bar of #9

5.000000 0.002000 0.000192 2.002283 0.009329 0.020927 0.015032 1.981355 0.013817
4.000000 0.015000 0.000513 2.000931 0.009798 0.040270 0.016284 1.960661 0.012229
3.000000 0.073200 0.001192 2.012580 0.009082 0.299901 0.013799 1.712679 0.010685
2.000000 0.262420 0.001816 2.305966 0.014628 1.043953 0.016060 1.262013 0.006893
1.900000 0.294180 0.001965 2.451060 0.016954 1.244963 0.017775 1.206097 0.007026
1.800000 0.329180 0.001987 2.586155 0.019518 1.430652 0.020699 1.155503 0.007848
1.700000 0.372820 0.002239 2.830796 0.028511 1.714807 0.028293 1.115990 0.006623
1.600000 0.415400 0.002502 3.148185 0.031197 2.054780 0.030935 1.093406 0.006486
1.500000 0.476760 0.002066 3.911218 0.048792 2.837948 0.048122 1.073270 0.006641
1.400000 0.533840 0.002614 5.040300 0.073462 3.964675 0.070727 1.075625 0.006964
1.300000 0.606980 0.003149 7.658529 0.220246 6.538801 0.213906 1.119728 0.009377
1.200000 0.705940 0.004123 17.099823 1.015481 15.800347 1.003626 1.299477 0.016051
1.100000 0.869320 0.007079 566.884746 238.252587 564.952807 238.239148 1.931939 0.038730
1.090000 0.878540 0.007633 849.569323 224.301310 847.552153 224.272318 2.017170 0.046772

LASSO_Private_Gauss_CD_M500_N1000_rho0.50_sigma_y_1.00_sigma_eta_1.00.dat
#1: lambda_1
#2: mean(gamma), gamma = rho_hat/alpha
#3: error bar of #2 
#4: mean(test error),
#5: error bar of #4
#6: mean(test error - training error)
#7: error bar of #6
#8: mean(training error)
#9: error bar of #9
8.000000 0.000000 0.000000 1.507435 0.007831 0.014259 0.011571 1.493176 0.009162
7.000000 0.000000 0.000000 1.515235 0.007749 0.004811 0.012046 1.510424 0.010098
3.000000 0.051680 0.001094 1.510690 0.007636 0.149541 0.009682 1.361149 0.007633
2.500000 0.111580 0.001468 1.556140 0.007923 0.326327 0.009631 1.229813 0.006550
2.000000 0.227360 0.001868 1.794942 0.011731 0.734645 0.012933 1.060297 0.007145
1.800000 0.298940 0.001998 1.994840 0.014117 0.993093 0.015214 1.001748 0.006439
1.600000 0.392820 0.002453 2.596163 0.029554 1.646722 0.029607 0.949441 0.005975
1.400000 0.505960 0.002507 3.957551 0.062434 2.996252 0.059880 0.961299 0.007282
1.300000 0.592300 0.002937 6.620072 0.181401 5.576617 0.174694 1.043454 0.010584
1.250000 0.638420 0.004096 9.635535 0.445825 8.507446 0.435673 1.128089 0.012810
1.200000 0.690820 0.004469 14.686152 0.950050 13.445269 0.934556 1.240883 0.018001
1.180000 0.720420 0.004509 19.961902 1.324789 18.645109 1.309139 1.316793 0.018059
1.160000 0.748080 0.005928 35.037135 6.082587 33.616111 6.063800 1.421025 0.025437
1.140000 0.775020 0.005961 68.025617 26.017306 66.542317 25.997768 1.483300 0.032422
1.120000 0.810880 0.006824 162.004583 52.780094 160.356275 52.754995 1.648308 0.040929
1.100000 0.864160 0.007991 463.108448 103.184272 461.200615 103.148793 1.907833 0.047942
1.090000 0.864700 0.007080 333.800956 61.769605 331.899736 61.741071 1.901220 0.043481
1.080000 0.898540 0.008078 1147.151162 295.138828 1145.075657 295.114652 2.075505 0.049286
1.070000 0.927820 0.008374 2081.520539 384.933939 2079.332578 384.906246 2.187961 0.050608

LASSO_Private_Gauss_CD_M500_N1000_rho0.50_sigma_y_1.00_sigma_eta_0.10.dat
#1: lambda_1
#2: mean(gamma), gamma = rho_hat/alpha
#3: error bar of #2 
#4: mean(test error),
#5: error bar of #4
#6: mean(test error - training error)
#7: error bar of #6
#8: mean(training error)
#9: error bar of #9

3.000000 0.003300 0.000241 1.492752 0.007331 0.010529 0.010140 1.482223 0.009224
2.000000 0.051020 0.001007 1.486907 0.007668 0.152837 0.009648 1.334070 0.007059
#1.900000 0.063100 0.001208 1.486122 0.007658 0.195676 0.009677 1.290447 0.006688
#1.800000 0.075560 0.001494 1.489512 0.007311 0.219336 0.010120 1.270177 0.006482
#1.700000 0.090060 0.001452 1.490129 0.007275 0.274782 0.009610 1.215347 0.005752
1.600000 0.111640 0.001601 1.484050 0.007508 0.305780 0.008370 1.178270 0.005684
#1.500000 0.131300 0.001879 1.498769 0.008068 0.376494 0.010084 1.122275 0.006505
#1.400000 0.155200 0.001731 1.487970 0.007372 0.429638 0.008868 1.058331 0.005076
#1.300000 0.180440 0.001751 1.493682 0.007697 0.494581 0.009561 0.999101 0.005053
1.200000 0.213820 0.001990 1.489599 0.007195 0.559810 0.008680 0.929788 0.004433
#1.100000 0.246840 0.001804 1.488670 0.007987 0.634134 0.008917 0.854536 0.003887
1.000000 0.283880 0.001813 1.511072 0.007139 0.726070 0.007715 0.785002 0.003736
#0.900000 0.327740 0.002097 1.538202 0.007930 0.837072 0.008823 0.701130 0.003380
0.800000 0.367180 0.002058 1.558720 0.007536 0.942626 0.007932 0.616094 0.002886
0.700000 0.426200 0.002091 1.598094 0.007808 1.067254 0.008280 0.530841 0.002039
0.600000 0.480340 0.002021 1.647394 0.009311 1.209292 0.009219 0.438103 0.002510
0.500000 0.546940 0.002142 1.709247 0.009574 1.361899 0.009740 0.347348 0.001796
0.400000 0.620000 0.001708 1.818212 0.010611 1.559312 0.010542 0.258900 0.001502
0.350000 0.667340 0.001965 1.915475 0.010742 1.698948 0.010534 0.216527 0.001288
#0.300000 0.710800 0.001947 2.024304 0.011528 1.853629 0.011428 0.170675 0.000990
0.280000 0.731180 0.002167 2.085387 0.013268 1.929770 0.013050 0.155616 0.000980
#0.260000 0.748620 0.001855 2.152532 0.012651 2.015648 0.012731 0.136884 0.001001
0.240000 0.770560 0.001899 2.249788 0.014129 2.130224 0.013963 0.119565 0.000855
#0.220000 0.791280 0.001828 2.403328 0.014832 2.299290 0.014806 0.104037 0.000670
0.200000 0.817760 0.001614 2.606707 0.020181 2.518015 0.020175 0.088692 0.000680
#0.180000 0.840080 0.001639 2.835168 0.021870 2.760827 0.021879 0.074341 0.000558
0.160000 0.867080 0.001396 3.328117 0.028218 3.269309 0.028298 0.058808 0.000489
#0.140000 0.893940 0.001377 4.376551 0.056239 4.331263 0.056327 0.045288 0.000334
0.130000 0.915820 0.001585 5.408303 0.086731 5.368202 0.086803 0.040101 0.000362
0.120000 0.939780 0.001519 8.833861 0.265189 8.800223 0.265262 0.033638 0.000270
0.116000 0.953880 0.002024 12.520672 0.720515 12.488509 0.720618 0.032163 0.000282
#0.114000 0.960080 0.001800 14.436187 0.905143 14.405179 0.905208 0.031008 0.000269
0.112000 0.975840 0.002979 24.109881 2.091622 24.079691 2.091655 0.030190 0.000290
0.110000 0.994480 0.003189 32.176368 2.222717 32.147005 2.222701 0.029363 0.000298

LASSO_Private_Gauss_CD_M500_N1000_rho0.10_sigma_y_1.00_sigma_eta_1.00.dat
#1: lambda_1
#2: mean(gamma), gamma = rho_hat/alpha
#3: error bar of #2 
#4: mean(test error),
#5: error bar of #4
#6: mean(test error - training error)
#7: error bar of #6
#8: mean(training error)
#9: error bar of #9

3.000000 0.031080 0.000791 1.112399 0.004753 0.063515 0.007299 1.048884 0.005960
2.000000 0.195200 0.001715 1.361137 0.009250 0.480512 0.010962 0.880625 0.005783
1.900000 0.228620 0.002141 1.433923 0.011282 0.574451 0.012841 0.859472 0.005412
1.800000 0.264000 0.001888 1.539309 0.011921 0.713311 0.012481 0.825998 0.004849
1.700000 0.311100 0.002204 1.738706 0.016694 0.920628 0.017095 0.818078 0.004938
1.600000 0.357560 0.002266 2.023360 0.023958 1.200946 0.023192 0.822414 0.005195
1.500000 0.416420 0.002571 2.485435 0.037891 1.643263 0.035830 0.842171 0.005724
1.400000 0.486500 0.003463 3.428769 0.084431 2.552951 0.079690 0.875818 0.007825
1.300000 0.572100 0.003675 5.264311 0.161993 4.302894 0.153782 0.961417 0.010052
#1.280000 0.588500 0.003039 6.212731 0.180579 5.225495 0.173532 0.987236 0.009424
1.260000 0.612140 0.003802 7.454219 0.299456 6.414624 0.289602 1.039595 0.012299
#1.240000 0.636000 0.004242 8.706748 0.369827 7.634064 0.359779 1.072684 0.012315
1.220000 0.661760 0.004493 11.205283 0.752567 10.074135 0.741705 1.131148 0.014075
#1.200000 0.684300 0.004576 14.105009 1.058846 12.904419 1.044525 1.200590 0.017316
#1.190000 0.697460 0.004614 15.353908 1.088447 14.129769 1.072320 1.224139 0.019086
1.180000 0.713800 0.005288 20.231404 2.110982 18.962464 2.094093 1.268940 0.021023
#1.170000 0.729020 0.004924 22.297703 1.767277 20.998274 1.751380 1.299429 0.019898
1.160000 0.743260 0.004874 26.491284 3.298002 25.127954 3.280123 1.363329 0.023055
1.150000 0.754360 0.005876 41.519268 10.232161 40.118332 10.209304 1.400936 0.030261
1.140000 0.777160 0.006731 72.714496 17.011151 71.200130 16.982735 1.514366 0.036680
1.130000 0.791640 0.007524 137.925981 41.690711 136.360017 41.663919 1.565964 0.039156
#1.120000 0.820780 0.008017 351.669614 147.731776 349.976149 147.707068 1.693465 0.044863
#1.110000 0.832880 0.008821 601.358688 201.275764 599.611323 201.242730 1.747365 0.050865
1.100000 0.844040 0.007903 400.292185 119.349596 398.468080 119.320745 1.824105 0.047762
1.090000 0.876540 0.007355 595.991835 152.167059 594.033325 152.138114 1.958511 0.044114
1.080000 0.899800 0.008648 1160.780746 275.312483 1158.690636 275.283494 2.090110 0.052443
1.070000 0.918900 0.008762 2069.152204 484.094374 2066.992563 484.067333 2.159642 0.050914

LASSO_Private_Gauss_CD_M500_N1000_rho0.10_sigma_y_1.00_sigma_eta_0.10.dat
#1: lambda_1
#2: mean(gamma), gamma = rho_hat/alpha
#3: error bar of #2 
#4: mean(test error),
#5: error bar of #4
#6: mean(test error - training error)
#7: error bar of #6
#8: mean(training error)
#9: error bar of #9
3.000000 0.000320 0.000079 1.102326 0.005184 0.010526 0.008693 1.091800 0.007127
1.600000 0.054080 0.001199 1.105905 0.004194 0.128942 0.006717 0.976963 0.005204
1.400000 0.088880 0.001479 1.110880 0.005755 0.199272 0.007413 0.911607 0.004919
1.200000 0.139500 0.001598 1.128038 0.005377 0.297572 0.007487 0.830466 0.004450
1.000000 0.217020 0.002010 1.149333 0.004840 0.432792 0.005810 0.716541 0.004149
0.900000 0.252420 0.001983 1.174677 0.005722 0.522418 0.006497 0.652259 0.003299
0.800000 0.306020 0.002172 1.191989 0.006032 0.609237 0.006712 0.582752 0.003011
0.700000 0.361740 0.002228 1.233790 0.005913 0.723099 0.006385 0.510692 0.002899
0.600000 0.422460 0.001966 1.291416 0.006418 0.864506 0.006808 0.426909 0.002292
0.500000 0.496860 0.002059 1.363458 0.007469 1.021475 0.007864 0.341983 0.001869
0.400000 0.583400 0.001991 1.458599 0.008111 1.199344 0.008276 0.259256 0.001593
0.300000 0.677380 0.001627 1.648087 0.010474 1.473386 0.010649 0.174701 0.001106
0.200000 0.796700 0.001628 2.148070 0.016503 2.058959 0.016533 0.089111 0.000682
0.180000 0.820760 0.001835 2.365543 0.019071 2.290468 0.018986 0.075075 0.000658
0.160000 0.852700 0.001685 2.771281 0.024299 2.711368 0.024267 0.059914 0.000484
0.140000 0.885580 0.001435 3.567026 0.047277 3.520975 0.047307 0.046051 0.000416
0.120000 0.932520 0.001805 7.493563 0.286483 7.460004 0.286570 0.033559 0.000297
0.110000 0.988520 0.003294 30.527925 2.681847 30.498506 2.681822 0.029419 0.000269

